C問題

何も見ずにできた
83 87 93 95 100 120 132 138 139 140 142 143 148 149 153 154 156 160 162 164 180 186 192 195 196 208 209 216 217 222 223 224 228 229  72 73 103 

何も見ずにできたが処理時間が長く効率が悪かった
134

しょうもないミスがあっただけ
159(doubleの計算) 161(ll) 166(boolの判定が逆) 176(ll) 217(forの回す範囲と配列サイズ) 200(計算途中のオーバーフロー対策) 203(ll) 206(ll) 220(ll) 

変数やループ範囲、条件分岐等によるWAがありつつも自分でできた
86 115 136 158 163 150(dowhileを使わないパターン) 103 

大雑把なやり方はわかったがそのやり方に些細なミスがあり解説を見た
152 161(時針の分によるずれの見逃し) 179(計算方法が) 182(発想はあったが実装が) 234(発想はあったが実装が) 214(発想はあったが実装が) 215 221(アルゴリズムが途中以降間違い)

解説を見た
79 121 124 127 135 141 144 145 151 155 170 177 181 183 185 193 194 202 205 207 210 212 219 225 231 236 237  198 199 106 

 頻出される間違いパターン
入力時に処理させるやつ 141 151 170 
STLを知らなかった　map等
型の範囲の間違い llを使用していない等

初見殺し
mod(177) 
